1.000000 2.000000 3.000000 4.000000 
1.000000 2.000000 3.000000 3.950000 
1.000000 2.000000 2.999500 3.901000 
1.000000 1.999995 2.998520 3.852975 
1.000000 1.999980 2.997079 3.805901 
1.000000 1.999951 2.995197 3.759754 
0.999999 1.999904 2.992890 3.714511 
0.999998 1.999835 2.990176 3.670149 
0.999997 1.999740 2.987072 3.626648 
0.999994 1.999616 2.983595 3.583986 
0.999991 1.999460 2.979759 3.542142 
0.999985 1.999268 2.975580 3.501097 
0.999978 1.999038 2.971071 3.460831 
0.999969 1.998768 2.966249 3.421325 
0.999957 1.998455 2.961125 3.382561 
0.999943 1.998097 2.955712 3.344521 
0.999925 1.997691 2.950024 3.307188 
0.999903 1.997237 2.944073 3.270544 
0.999878 1.996732 2.937869 3.234574 
0.999847 1.996175 2.931425 3.199261 
0.999812 1.995564 2.924751 3.164590 
0.999772 1.994898 2.917857 3.130546 
0.999725 1.994177 2.910755 3.097114 
0.999672 1.993398 2.903452 3.064279 
0.999613 1.992561 2.895960 3.032028 
0.999546 1.991666 2.888287 3.000347 
0.999472 1.990711 2.880441 2.969223 
0.999390 1.989696 2.872432 2.938643 
0.999299 1.988620 2.864266 2.908594 
0.999199 1.987483 2.855953 2.879065 
0.999090 1.986285 2.847500 2.850043 
0.998971 1.985025 2.838913 2.821517 
0.998842 1.983703 2.830200 2.793476 
0.998702 1.982320 2.821368 2.765908 
0.998551 1.980874 2.812423 2.738804 
0.998389 1.979366 2.803371 2.712152 
0.998215 1.977797 2.794219 2.685943 
0.998029 1.976165 2.784972 2.660166 
0.997830 1.974472 2.775636 2.634812 
0.997618 1.972717 2.766216 2.609873 
0.997393 1.970901 2.756718 2.585337 
0.997154 1.969024 2.747146 2.561198 
0.996901 1.967087 2.737505 2.537445 
0.996634 1.965089 2.727800 2.514071 
0.996352 1.963031 2.718036 2.491068 
0.996055 1.960915 2.708216 2.468427 
0.995743 1.958739 2.698345 2.446141 
0.995416 1.956505 2.688427 2.424201 
0.995072 1.954214 2.678465 2.402602 
0.994713 1.951865 2.668464 2.381334 
0.994338 1.949459 2.658427 2.360392 
0.993945 1.946998 2.648357 2.339769 
0.993536 1.944481 2.638258 2.319457 
0.993111 1.941909 2.628132 2.299450 
0.992667 1.939283 2.617983 2.279742 
0.992207 1.936604 2.607813 2.260327 
0.991729 1.933872 2.597626 2.241199 
0.991233 1.931088 2.587424 2.222351 
0.990719 1.928253 2.577210 2.203779 
0.990187 1.925367 2.566986 2.185475 
0.989637 1.922432 2.556755 2.167435 
0.989069 1.919447 2.546519 2.149654 
0.988482 1.916414 2.536279 2.132126 
0.987876 1.913333 2.526039 2.114847 
0.987252 1.910206 2.515800 2.097810 
0.986609 1.907032 2.505564 2.081012 
0.985947 1.903813 2.495334 2.064447 
0.985267 1.900550 2.485110 2.048112 
0.984567 1.897243 2.474894 2.032001 
0.983848 1.893892 2.464689 2.016109 
0.983110 1.890500 2.454495 2.000434 
0.982353 1.887066 2.444314 1.984970 
0.981576 1.883591 2.434148 1.969714 
0.980781 1.880077 2.423998 1.954661 
0.979966 1.876523 2.413866 1.939808 
0.979132 1.872931 2.403752 1.925151 
0.978278 1.869301 2.393658 1.910685 
0.977406 1.865634 2.383584 1.896408 
0.976514 1.861932 2.373533 1.882316 
0.975603 1.858194 2.363505 1.868405 
0.974673 1.854421 2.353501 1.854672 
0.973724 1.850614 2.343522 1.841113 
0.972755 1.846774 2.333569 1.827726 
0.971768 1.842902 2.323642 1.814507 
0.970762 1.838998 2.313744 1.801454 
0.969736 1.835063 2.303874 1.788562 
0.968692 1.831098 2.294032 1.775829 
0.967629 1.827103 2.284221 1.763253 
0.966548 1.823080 2.274440 1.750830 
0.965448 1.819028 2.264690 1.738558 
0.964329 1.814949 2.254972 1.726434 
0.963192 1.810843 2.245287 1.714455 
0.962036 1.806711 2.235634 1.702619 
0.960863 1.802553 2.226015 1.690923 
0.959671 1.798371 2.216429 1.679364 
0.958461 1.794165 2.206878 1.667941 
0.957234 1.789935 2.197361 1.656651 
0.955989 1.785682 2.187880 1.645492 
0.954726 1.781407 2.178434 1.634461 
0.953445 1.777110 2.169024 1.623556 
